# Density of States
# Energy[eV]  DOS[1/eV]
#-----------------------
    -11.80090810  0.000000000000000E+000
    -11.74566278  0.000000000000000E+000
    -11.69041745  0.000000000000000E+000
    -11.63517213  0.000000000000000E+000
    -11.57992680  0.000000000000000E+000
    -11.52468147  0.000000000000000E+000
    -11.46943615  0.000000000000000E+000
    -11.41419082  0.000000000000000E+000
    -11.35894550  0.000000000000000E+000
    -11.30370017  0.000000000000000E+000
    -11.24845484  0.000000000000000E+000
    -11.19320952  0.000000000000000E+000
    -11.13796419  0.000000000000000E+000
    -11.08271886  0.000000000000000E+000
    -11.02747354  0.000000000000000E+000
    -10.97222821  0.000000000000000E+000
    -10.91698289  0.000000000000000E+000
    -10.86173756  0.000000000000000E+000
    -10.80649223  0.000000000000000E+000
    -10.75124691  0.000000000000000E+000
    -10.69600158  0.000000000000000E+000
    -10.64075626  0.000000000000000E+000
    -10.58551093  0.000000000000000E+000
    -10.53026560  0.000000000000000E+000
    -10.47502028  0.000000000000000E+000
    -10.41977495  0.000000000000000E+000
    -10.36452962  0.000000000000000E+000
    -10.30928430  0.000000000000000E+000
    -10.25403897  0.000000000000000E+000
    -10.19879365  0.000000000000000E+000
    -10.14354832  0.000000000000000E+000
    -10.08830299  0.000000000000000E+000
    -10.03305767  0.000000000000000E+000
     -9.97781234  0.486597941272404E-299
     -9.92256702  0.317437359718729E-290
     -9.86732169  0.152615027984078E-281
     -9.81207636  0.540739492673000E-273
     -9.75683104  0.141198618039883E-264
     -9.70158571  0.271721762069583E-256
     -9.64634039  0.385363057507358E-248
     -9.59109506  0.402779622776029E-240
     -9.53584973  0.310253541297661E-232
     -9.48060441  0.176123763443596E-224
     -9.42535908  0.736836703215944E-217
     -9.37011375  0.227183500473404E-209
     -9.31486843  0.516219917052963E-202
     -9.25962310  0.864460972355671E-195
     -9.20437778  0.106686377496739E-187
     -9.14913245  0.970344230187832E-181
     -9.09388712  0.650423725592178E-174
     -9.03864180  0.321307676586763E-167
     -8.98339647  0.116977033427117E-160
     -8.92815115  0.313859730638895E-154
     -8.87290582  0.620621693939284E-148
     -8.81766049  0.904431574110344E-142
     -8.76241517  0.971366569481744E-136
     -8.70716984  0.768866243308038E-130
     -8.65192451  0.448518629088330E-124
     -8.59667919  0.192829937637439E-118
     -8.54143386  0.610991844495445E-113
     -8.48618854  0.142681149290416E-107
     -8.43094321  0.245568099371491E-102
     -8.37569788  0.311498680256653E-097
     -8.32045256  0.291222628830087E-092
     -8.26520723  0.200671451049552E-087
     -8.20996191  0.101916848586000E-082
     -8.15471658  0.381519191073951E-078
     -8.09947125  0.105271053434497E-073
     -8.04422593  0.214110719391421E-069
     -7.98898060  0.321012855202384E-065
     -7.93373528  0.354798981186292E-061
     -7.87848995  0.289097253774052E-057
     -7.82324462  0.173675370509741E-053
     -7.76799930  0.769311976864514E-050
     -7.71275397  0.251293729698773E-046
     -7.65750864  0.605382263032927E-043
     -7.60226332  0.107575022324632E-039
     -7.54701799  0.141027782486039E-036
     -7.49177267  0.136427698321028E-033
     -7.43652734  0.974129070281403E-031
     -7.38128201  0.513546278608410E-028
     -7.32603669  0.199963328381197E-025
     -7.27079136  0.575330446323554E-023
     -7.21554604  0.122378260802099E-020
     -7.16030071  0.192564356784089E-018
     -7.10505538  0.224308139872522E-016
     -7.04981006  0.193588979118753E-014
     -6.99456473  0.123913240732070E-012
     -6.93931941  0.588938444744069E-011
     -6.88407408  0.208135456266603E-009
     -6.82882875  0.547865148727172E-008
     -6.77358343  0.107629880499089E-006
     -6.71833810  0.158200360306231E-005
     -6.66309277  0.174526802337295E-004
     -6.60784745  0.145096762055973E-003
     -6.55260212  0.913946785335302E-003
     -6.49735680  0.439325144485176E-002
     -6.44211147  0.162752869797709E-001
     -6.38686614  0.470984366909840E-001
     -6.33162082  0.108443904314773E+000
     -6.27637549  0.203611128795093E+000
     -6.22113017  0.321690179694150E+000
     -6.16588484  0.443730911205674E+000
     -6.11063951  0.555095894526303E+000
     -6.05539419  0.651319406932977E+000
     -6.00014886  0.734950861949759E+000
     -5.94490353  0.809510778801241E+000
     -5.88965821  0.877218438601354E+000
     -5.83441288  0.941008715333956E+000
     -5.77916756  0.100280791936435E+001
     -5.72392223  0.106023333980594E+001
     -5.66867690  0.111311460003858E+001
     -5.61343158  0.116757019930338E+001
     -5.55818625  0.122443169600368E+001
     -5.50294093  0.127546140946353E+001
     -5.44769560  0.131882836902442E+001
     -5.39245027  0.136546757473618E+001
     -5.33720495  0.142275300288461E+001
     -5.28195962  0.147946842153380E+001
     -5.22671430  0.151987664280179E+001
     -5.17146897  0.155224535795976E+001
     -5.11622364  0.160109891283701E+001
     -5.06097832  0.166779693699423E+001
     -5.00573299  0.172664545269239E+001
     -4.95048766  0.176336908116632E+001
     -4.89524234  0.179218559430810E+001
     -4.83999701  0.183484690986165E+001
     -4.78475169  0.190038622968310E+001
     -4.72950636  0.197841923873438E+001
     -4.67426103  0.204191671847465E+001
     -4.61901571  0.207252070311591E+001
     -4.56377038  0.209219263588176E+001
     -4.50852506  0.214685418459339E+001
     -4.45327973  0.224674451330139E+001
     -4.39803440  0.235130376860153E+001
     -4.34278908  0.242482673938254E+001
     -4.28754375  0.247617564332158E+001
     -4.23229842  0.253598691694715E+001
     -4.17705310  0.262742436987607E+001
     -4.12180777  0.276948466532798E+001
     -4.06656245  0.296981354681619E+001
     -4.01131712  0.318694521548600E+001
     -3.95607179  0.333771081914935E+001
     -3.90082647  0.337865360311307E+001
     -3.84558114  0.335002608348585E+001
     -3.79033582  0.331574784564691E+001
     -3.73509049  0.329664415071217E+001
     -3.67984516  0.327866754181552E+001
     -3.62459984  0.324164610968009E+001
     -3.56935451  0.316384856610008E+001
     -3.51410919  0.304209283331085E+001
     -3.45886386  0.291233901620814E+001
     -3.40361853  0.281216909837257E+001
     -3.34837321  0.274166977267581E+001
     -3.29312788  0.269089599675047E+001
     -3.23788255  0.266803229346111E+001
     -3.18263723  0.266625235075784E+001
     -3.12739190  0.262629646243854E+001
     -3.07214658  0.248067463621329E+001
     -3.01690125  0.224863897092012E+001
     -2.96165592  0.204897196670820E+001
     -2.90641060  0.199684919310911E+001
     -2.85116527  0.209188826437620E+001
     -2.79591995  0.220169452950477E+001
     -2.74067462  0.216881625046578E+001
     -2.68542929  0.195092195148652E+001
     -2.63018397  0.164497570628430E+001
     -2.57493864  0.139045715061319E+001
     -2.51969331  0.128020195964429E+001
     -2.46444799  0.131980317889249E+001
     -2.40920266  0.140926690068068E+001
     -2.35395734  0.139688223130693E+001
     -2.29871201  0.120763832564314E+001
     -2.24346668  0.899348559086860E+000
     -2.18822136  0.583674202378943E+000
     -2.13297603  0.343761090351639E+000
     -2.07773071  0.231848441192024E+000
     -2.02248538  0.286150431940684E+000
     -1.96724005  0.509969525287667E+000
     -1.91199473  0.829032105725961E+000
     -1.85674940  0.109667998430589E+001
     -1.80150408  0.119040278083837E+001
     -1.74625875  0.111558318984795E+001
     -1.69101342  0.995676679348424E+000
     -1.63576810  0.978330464973351E+000
     -1.58052277  0.117109392199960E+001
     -1.52527744  0.160260771210543E+001
     -1.47003212  0.216106545482390E+001
     -1.41478679  0.262993825979163E+001
     -1.35954147  0.291798745920604E+001
     -1.30429614  0.321066577236282E+001
     -1.24905081  0.375108035556107E+001
     -1.19380549  0.450111569542608E+001
     -1.13856016  0.513325526525309E+001
     -1.08331484  0.535077332793418E+001
     -1.02806951  0.513564351165297E+001
     -0.97282418  0.467086222882568E+001
     -0.91757886  0.412909212142294E+001
     -0.86233353  0.360778642718863E+001
     -0.80708820  0.317190938303827E+001
     -0.75184288  0.286751301186988E+001
     -0.69659755  0.271060853972268E+001
     -0.64135223  0.266214642910450E+001
     -0.58610690  0.262763997928615E+001
     -0.53086157  0.254996440174002E+001
     -0.47561625  0.247016574905429E+001
     -0.42037092  0.241754875656580E+001
     -0.36512560  0.231481275818350E+001
     -0.30988027  0.209852902148843E+001
     -0.25463494  0.186686697338533E+001
     -0.19938962  0.178469353592075E+001
     -0.14414429  0.185813735649629E+001
     -0.08889897  0.191392625362090E+001
     -0.03365364  0.182967338461348E+001
      0.02159169  0.168905043631039E+001
      0.07683701  0.164538976612278E+001
      0.13208234  0.169945772934109E+001
      0.18732767  0.169754481683891E+001
      0.24257299  0.153895887182697E+001
      0.29781832  0.131704234440399E+001
      0.35306364  0.121652166108392E+001
      0.40830897  0.129989701251589E+001
      0.46355430  0.143801417385688E+001
      0.51879962  0.145533759727207E+001
      0.57404495  0.131946741686416E+001
      0.62929027  0.115863114820672E+001
      0.68453560  0.110440490781842E+001
      0.73978093  0.115885848693225E+001
      0.79502625  0.120865145908041E+001
      0.85027158  0.114796800631419E+001
      0.90551690  0.997333646124814E+000
      0.96076223  0.887627897894453E+000
      1.01600756  0.924028985135732E+000
      1.07125288  0.110236207604894E+001
      1.12649821  0.135041102805587E+001
      1.18174354  0.161723683929104E+001
      1.23698886  0.192943088257132E+001
      1.29223419  0.236358743766091E+001
      1.34747951  0.295024212669197E+001
      1.40272484  0.360934727716120E+001
      1.45797017  0.418560333286167E+001
      1.51321549  0.455140980279429E+001
      1.56846082  0.468312904595665E+001
      1.62370614  0.464049154295901E+001
      1.67895147  0.450677416493903E+001
      1.73419680  0.437350714089450E+001
      1.78944212  0.431818163740643E+001
      1.84468745  0.433313480124710E+001
      1.89993278  0.431698756388121E+001
      1.95517810  0.420589363015110E+001
      2.01042343  0.409025442369865E+001
      2.06566875  0.411737652283755E+001
      2.12091408  0.428845339496559E+001
      2.17615941  0.445414936593293E+001
      2.23140473  0.451790420296851E+001
      2.28665006  0.453176470327761E+001
      2.34189538  0.457330190540948E+001
      2.39714071  0.465379150659592E+001
      2.45238604  0.478242689798568E+001
      2.50763136  0.499695564580297E+001
      2.56287669  0.528467572424151E+001
      2.61812201  0.556910055789840E+001
      2.67336734  0.580176158826159E+001
      2.72861267  0.598777915020320E+001
      2.78385799  0.611970125162347E+001
      2.83910332  0.617054875331365E+001
      2.89434865  0.615521515165187E+001
      2.94959397  0.612375771970401E+001
      3.00483930  0.609164721190090E+001
      3.06008462  0.603322629960347E+001
      3.11532995  0.593588431474640E+001
      3.17057528  0.582522276704575E+001
      3.22582060  0.575151406628341E+001
      3.28106593  0.574984479477150E+001
      3.33631125  0.577609894456148E+001
      3.39155658  0.572479683575224E+001
      3.44680191  0.557642580549599E+001
      3.50204723  0.544738041380358E+001
      3.55729256  0.541975082964147E+001
      3.61253789  0.543078503376007E+001
      3.66778321  0.539393572731778E+001
      3.72302854  0.531697181846607E+001
      3.77827386  0.525192758132303E+001
      3.83351919  0.520659665725495E+001
      3.88876452  0.514785699486197E+001
      3.94400984  0.506841993461988E+001
      3.99925517  0.501022160984710E+001
      4.05450049  0.499845200543140E+001
      4.10974582  0.497365082705433E+001
      4.16499115  0.483730135391234E+001
      4.22023647  0.457545519675485E+001
      4.27548180  0.427562868054071E+001
      4.33072712  0.399476077387043E+001
      4.38597245  0.369184477188241E+001
      4.44121778  0.332911420434817E+001
      4.49646310  0.296086723989567E+001
      4.55170843  0.267024142886555E+001
      4.60695376  0.246860697412625E+001
      4.66219908  0.230593483109752E+001
      4.71744441  0.214334680612310E+001
      4.77268973  0.197209377456870E+001
      4.82793506  0.179378986402044E+001
      4.88318039  0.162188911792878E+001
      4.93842571  0.147766624228639E+001
      4.99367104  0.135783410245391E+001
      5.04891636  0.123151475491442E+001
      5.10416169  0.108284350543389E+001
      5.15940702  0.925181942138721E+000
      5.21465234  0.767534699567095E+000
      5.26989767  0.601057266023150E+000
      5.32514300  0.424559428786913E+000
      5.38038832  0.259362348183117E+000
      5.43563365  0.132606415011098E+000
      5.49087897  0.552569357180015E-001
      5.54612430  0.183473522539537E-001
      5.60136963  0.476328045584267E-002
      5.65661495  0.952418702761377E-003
      5.71186028  0.144998392721634E-003
      5.76710560  0.166677035872163E-004
      5.82235093  0.144263620954960E-005
      5.87759626  0.194616694634489E-006
      5.93284158  0.164564721108933E-005
      5.98808691  0.196040240174583E-004
      6.04333223  0.173988537843032E-003
      6.09857756  0.115061902161324E-002
      6.15382289  0.569767287309627E-002
      6.20906821  0.213143215207875E-001
      6.26431354  0.612371151750831E-001
      6.31955887  0.139175855201960E+000
      6.37480419  0.262035401763536E+000
      6.43004952  0.431037197621649E+000
      6.48529484  0.640733886787252E+000
      6.54054017  0.862189299382249E+000
      6.59578550  0.104737011001677E+001
      6.65103082  0.117927649598089E+001
      6.70627615  0.129931124729840E+001
      6.76152147  0.146072602514335E+001
      6.81676680  0.166154134228632E+001
      6.87201213  0.183657870968284E+001
      6.92725745  0.193149913563034E+001
      6.98250278  0.197333961144745E+001
      7.03774810  0.203608262933092E+001
      7.09299343  0.215789502673728E+001
      7.14823876  0.232383346338280E+001
      7.20348408  0.249971729159485E+001
      7.25872941  0.266184859824366E+001
      7.31397474  0.281264434039333E+001
      7.36922006  0.296005397146548E+001
      7.42446539  0.308940041964167E+001
      7.47971071  0.320845532182624E+001
      7.53495604  0.339278637175063E+001
      7.59020137  0.369985823828294E+001
      7.64544669  0.406917711341765E+001
      7.70069202  0.438914649307742E+001
      7.75593734  0.463012413339812E+001
      7.81118267  0.486007169967990E+001
      7.86642800  0.516344306238797E+001
      7.92167332  0.555712391434703E+001
      7.97691865  0.595518366191919E+001
      8.03216398  0.623689282802798E+001
      8.08740930  0.635975007579160E+001
      8.14265463  0.636137766030383E+001
      8.19789995  0.627447775956777E+001
      8.25314528  0.611200813915516E+001
      8.30839061  0.590223916052487E+001
      8.36363593  0.565765971815322E+001
      8.41888126  0.535259131986035E+001
      8.47412658  0.500488225444120E+001
      8.52937191  0.471233054943734E+001
      8.58461724  0.454453610068227E+001
      8.63986256  0.447517239197622E+001
      8.69510789  0.446961694986938E+001
      8.75035321  0.455949868643363E+001
      8.80559854  0.478848287926570E+001
      8.86084387  0.516467206164824E+001
      8.91608919  0.570221586870451E+001
      8.97133452  0.642872246099439E+001
      9.02657985  0.729389665241488E+001
      9.08182517  0.808961944346854E+001
      9.13707050  0.851814444022322E+001
      9.19231582  0.841778989442454E+001
      9.24756115  0.793696594170771E+001
      9.30280648  0.742470065545876E+001
      9.35805180  0.711929119257322E+001
      9.41329713  0.696838487889624E+001
      9.46854245  0.677545234144712E+001
      9.52378778  0.648020785906600E+001
      9.57903311  0.620664886158195E+001
      9.63427843  0.604622720875118E+001
      9.68952376  0.592850546323456E+001
      9.74476909  0.575536815519512E+001
      9.80001441  0.554895070278124E+001
      9.85525974  0.539000324425675E+001
      9.91050506  0.528598337157806E+001
      9.96575039  0.518384073555750E+001
     10.02099572  0.506265795465139E+001
     10.07624104  0.493480873897561E+001
     10.13148637  0.480631338570605E+001
     10.18673169  0.470071573474666E+001
     10.24197702  0.467326990085014E+001
     10.29722235  0.476455267442124E+001
     10.35246767  0.496332054361597E+001
     10.40771300  0.520864637638113E+001
     10.46295832  0.540513872445350E+001
     10.51820365  0.544575178721160E+001
     10.57344898  0.526406679825732E+001
     10.62869430  0.490747005699502E+001
     10.68393963  0.454890979544375E+001
     10.73918496  0.437801498041050E+001
     10.79443028  0.446520483258213E+001
     10.84967561  0.473370881322641E+001
     10.90492093  0.502210326691754E+001
     10.96016626  0.516557316572821E+001
     11.01541159  0.508523688577501E+001
     11.07065691  0.483706887723493E+001
     11.12590224  0.456725175884844E+001
     11.18114756  0.441803387758001E+001
     11.23639289  0.444078297787893E+001
     11.29163822  0.455038550041259E+001
     11.34688354  0.458597765324445E+001
     11.40212887  0.446316678787268E+001
     11.45737420  0.425958885082993E+001
     11.51261952  0.413964174055264E+001
     11.56786485  0.420484886101240E+001
     11.62311017  0.440215116658854E+001
     11.67835550  0.456154348132229E+001
     11.73360083  0.453660955909716E+001
     11.78884615  0.432112958227154E+001
     11.84409148  0.402807478230662E+001
     11.89933680  0.377402273829400E+001
     11.95458213  0.362632162478301E+001
     12.00982746  0.364498644957005E+001
     12.06507278  0.388110663416313E+001
     12.12031811  0.429971779119464E+001
     12.17556343  0.475968019995043E+001
     12.23080876  0.508276260097408E+001
     12.28605409  0.513020994092227E+001
     12.34129941  0.486608686929788E+001
     12.39654474  0.438833530187014E+001
     12.45179007  0.388524372185703E+001
     12.50703539  0.354274571277484E+001
     12.56228072  0.344111930481820E+001
     12.61752604  0.350288201434068E+001
     12.67277137  0.358545424652601E+001
     12.72801670  0.363065643928397E+001
     12.78326202  0.365635971622402E+001
     12.83850735  0.362653807970165E+001
     12.89375267  0.344204806842126E+001
     12.94899800  0.308113118784215E+001
     13.00424333  0.266940599112363E+001
     13.05948865  0.236768471888479E+001
     13.11473398  0.222863960193421E+001
     13.16997930  0.219991383543220E+001
     13.22522463  0.222811392133044E+001
     13.28046996  0.229377282390730E+001
     13.33571528  0.235681919600219E+001
     13.39096061  0.234445631362098E+001
     13.44620594  0.222019298964140E+001
     13.50145126  0.202478260159812E+001
     13.55669659  0.183505586258979E+001
     13.61194191  0.170123845012548E+001
     13.66718724  0.161012310183225E+001
     13.72243257  0.150172565140292E+001
     13.77767789  0.134532292676742E+001
     13.83292322  0.118468491048825E+001
     13.88816854  0.108210216038564E+001
     13.94341387  0.104112072643816E+001
     13.99865920  0.100610876384715E+001
     14.05390452  0.919828623020108E+000
     14.10914985  0.769558545742716E+000
     14.16439518  0.587977333707951E+000
     14.21964050  0.419032879803774E+000
     14.27488583  0.290143035276104E+000
     14.33013115  0.215625647211268E+000
     14.38537648  0.205482861183681E+000
     14.44062181  0.253654623851263E+000
     14.49586713  0.324935223251481E+000
     14.55111246  0.370304417315987E+000
     14.60635778  0.360423100985329E+000
     14.66160311  0.299780300922775E+000
     14.71684844  0.213371554388131E+000
     14.77209376  0.129002895658247E+000
     14.82733909  0.661063791600755E-001
     14.88258441  0.301498744645282E-001
     14.93782974  0.164055445715211E-001
     14.99307507  0.206599676026779E-001
     15.04832039  0.448097460612869E-001
     15.10356572  0.891047682317969E-001
     15.15881105  0.138544967425083E+000
     15.21405637  0.164935219499869E+000
     15.26930170  0.151042426561224E+000
     15.32454702  0.107993332867755E+000
     15.37979235  0.619898221771363E-001
     15.43503768  0.301920113770554E-001
     15.49028300  0.143384016521417E-001
     15.54552833  0.965770855979437E-002
     15.60077365  0.128200525607113E-001
     15.65601898  0.228423144586037E-001
     15.71126431  0.369958622933131E-001
     15.76650963  0.476281199657096E-001
     15.82175496  0.467047479603554E-001
     15.87700029  0.343405819142480E-001
     15.93224561  0.188089267568876E-001
     15.98749094  0.765139753652717E-002
     16.04273626  0.230835238962978E-002
     16.09798159  0.516069588998247E-003
     16.15322692  0.854599223243579E-004
     16.20847224  0.104795106184305E-004
     16.26371757  0.951390308560257E-006
     16.31896289  0.639368900668626E-007
     16.37420822  0.318028760532348E-008
     16.42945355  0.117072823434042E-009
     16.48469887  0.318915603258299E-011
     16.53994420  0.642807938306076E-013
     16.59518952  0.958579010454752E-015
     16.65043485  0.105747566304417E-016
     16.70568018  0.862903329913708E-019
     16.76092550  0.520781680416750E-021
     16.81617083  0.232435603338375E-023
     16.87141616  0.767103450193078E-026
     16.92666148  0.187180256046486E-028
     16.98190681  0.337653482700600E-031
     17.03715213  0.450233521881458E-034
     17.09239746  0.443721378203838E-037
     17.14764279  0.323176500132851E-040
     17.20288811  0.173931259338346E-043
     17.25813344  0.691633863263840E-047
     17.31337876  0.203183645012377E-050
     17.36862409  0.440929597809969E-054
     17.42386942  0.706761574353890E-058
     17.47911474  0.836673596965936E-062
     17.53436007  0.731435640019047E-066
     17.58960540  0.472162807868043E-070
     17.64485072  0.225041687035429E-074
     17.70009605  0.791864622932772E-079
     17.75534137  0.205692376991764E-083
     17.81058670  0.394392437310845E-088
     17.86583203  0.558145257513635E-093
     17.92107735  0.582962539557262E-098
     17.97632268  0.449341560092705E-103
     18.03156800  0.255578398064989E-108
     18.08681333  0.107263924940066E-113
     18.14205866  0.332151984821374E-119
     18.19730398  0.758833571562431E-125
     18.25254931  0.127895967409549E-130
     18.30779463  0.159016836116450E-136
     18.36303996  0.145841722862056E-142
     18.41828529  0.986621328924705E-149
     18.47353061  0.492297882075096E-155
     18.52877594  0.181173208038867E-161
     18.58402127  0.491732982239956E-168
     18.63926659  0.984273684014500E-175
     18.69451192  0.145290209463434E-181
     18.74975724  0.158151916159622E-188
     18.80500257  0.126944757927003E-195
     18.86024790  0.751350722449775E-203
     18.91549322  0.327902322414940E-210
     18.97073855  0.105513278986542E-217
     19.02598387  0.250333123424775E-225
     19.08122920  0.437891500305388E-233
     19.13647453  0.564729926104019E-241
     19.19171985  0.536946357131692E-249
     19.24696518  0.376380510972977E-257
     19.30221050  0.194500341692145E-265
     19.35745583  0.740972420733982E-274
     19.41270116  0.208096166209634E-282
     19.46794648  0.430822999543475E-291
     19.52319181  0.657505368168965E-300
     19.57843714  0.000000000000000E+000
     19.63368246  0.000000000000000E+000
     19.68892779  0.000000000000000E+000
     19.74417311  0.000000000000000E+000
     19.79941844  0.000000000000000E+000
     19.85466377  0.000000000000000E+000
     19.90990909  0.000000000000000E+000
     19.96515442  0.000000000000000E+000
     20.02039974  0.000000000000000E+000
     20.07564507  0.000000000000000E+000
     20.13089040  0.000000000000000E+000
     20.18613572  0.000000000000000E+000
     20.24138105  0.000000000000000E+000
     20.29662638  0.000000000000000E+000
     20.35187170  0.000000000000000E+000
     20.40711703  0.000000000000000E+000
     20.46236235  0.000000000000000E+000
     20.51760768  0.000000000000000E+000
     20.57285301  0.000000000000000E+000
     20.62809833  0.000000000000000E+000
     20.68334366  0.000000000000000E+000
     20.73858898  0.000000000000000E+000
     20.79383431  0.000000000000000E+000
     20.84907964  0.000000000000000E+000
     20.90432496  0.000000000000000E+000
     20.95957029  0.000000000000000E+000
     21.01481561  0.000000000000000E+000
     21.07006094  0.000000000000000E+000
     21.12530627  0.000000000000000E+000
     21.18055159  0.000000000000000E+000
     21.23579692  0.000000000000000E+000
     21.29104225  0.000000000000000E+000
     21.34628757  0.000000000000000E+000
