# Density of States
# Energy[eV]  DOS[1/eV]
#-----------------------
    -11.37799556  0.000000000000000E+000
    -11.32359619  0.000000000000000E+000
    -11.26919681  0.000000000000000E+000
    -11.21479744  0.000000000000000E+000
    -11.16039806  0.000000000000000E+000
    -11.10599869  0.000000000000000E+000
    -11.05159931  0.000000000000000E+000
    -10.99719994  0.000000000000000E+000
    -10.94280056  0.000000000000000E+000
    -10.88840119  0.000000000000000E+000
    -10.83400181  0.000000000000000E+000
    -10.77960244  0.000000000000000E+000
    -10.72520306  0.000000000000000E+000
    -10.67080369  0.000000000000000E+000
    -10.61640431  0.000000000000000E+000
    -10.56200494  0.000000000000000E+000
    -10.50760556  0.000000000000000E+000
    -10.45320619  0.000000000000000E+000
    -10.39880681  0.000000000000000E+000
    -10.34440743  0.000000000000000E+000
    -10.29000806  0.000000000000000E+000
    -10.23560868  0.000000000000000E+000
    -10.18120931  0.000000000000000E+000
    -10.12680993  0.000000000000000E+000
    -10.07241056  0.000000000000000E+000
    -10.01801118  0.000000000000000E+000
     -9.96361181  0.000000000000000E+000
     -9.90921243  0.000000000000000E+000
     -9.85481306  0.000000000000000E+000
     -9.80041368  0.000000000000000E+000
     -9.74601431  0.000000000000000E+000
     -9.69161493  0.000000000000000E+000
     -9.63721556  0.113100382237725E-298
     -9.58281618  0.535294966817175E-290
     -9.52841681  0.188452536118026E-281
     -9.47401743  0.493503895060946E-273
     -9.41961806  0.961300115049910E-265
     -9.36521868  0.139285934496567E-256
     -9.31081931  0.150118925026316E-248
     -9.25641993  0.120349312496969E-240
     -9.20202056  0.717681660786049E-233
     -9.14762118  0.318346625508322E-225
     -9.09322181  0.105038603731367E-217
     -9.03882243  0.257797120392814E-210
     -8.98442306  0.470638868364484E-203
     -8.93002368  0.639114010800454E-196
     -8.87562430  0.645579836571272E-189
     -8.82122493  0.485068368363722E-182
     -8.76682555  0.271105107292169E-175
     -8.71242618  0.112707971933622E-168
     -8.65802680  0.348541341562905E-162
     -8.60362743  0.801746984215149E-156
     -8.54922805  0.137184335167892E-149
     -8.49482868  0.174605049869467E-143
     -8.44042930  0.165308542491006E-137
     -8.38602993  0.116418332659591E-131
     -8.33163055  0.609869165341817E-126
     -8.27723118  0.237652932792807E-120
     -8.22283180  0.688879504823583E-115
     -8.16843243  0.148538763898092E-109
     -8.11403305  0.238251839436126E-104
     -8.05963368  0.284273778900907E-099
     -8.00523430  0.252316962570605E-094
     -7.95083493  0.166598561167050E-089
     -7.89643555  0.818311175674405E-085
     -7.84203618  0.299017721845986E-080
     -7.78763680  0.812862607577198E-076
     -7.73323743  0.164396228284421E-071
     -7.67883805  0.247363911052627E-067
     -7.62443868  0.276929373232372E-063
     -7.57003930  0.230681113878233E-059
     -7.51563993  0.142985501909573E-055
     -7.46124055  0.659539626125810E-052
     -7.40684118  0.226410783446642E-048
     -7.35244180  0.578504473782205E-045
     -7.29804242  0.110033512870908E-041
     -7.24364305  0.155818148529546E-038
     -7.18924367  0.164310401516692E-035
     -7.13484430  0.129050766727632E-032
     -7.08044492  0.755122527298796E-030
     -7.02604555  0.329283422517586E-027
     -6.97164617  0.107047739736161E-024
     -6.91724680  0.259555104098970E-022
     -6.86284742  0.469623678425996E-020
     -6.80844805  0.634458282868157E-018
     -6.75404867  0.640472214777263E-016
     -6.69964930  0.483513020370772E-014
     -6.64524992  0.273248604750014E-012
     -6.59085055  0.115733180509956E-010
     -6.53645117  0.367882973536751E-009
     -6.48205180  0.879086479982906E-008
     -6.42765242  0.158231196711994E-006
     -6.37325305  0.215060307153615E-005
     -6.31885367  0.221401817536744E-004
     -6.26445430  0.173335886494071E-003
     -6.21005492  0.103745195407734E-002
     -6.15565555  0.478067703732009E-002
     -6.10125617  0.171247038914176E-001
     -6.04685680  0.483120697396014E-001
     -5.99245742  0.109269569865772E+000
     -5.93805805  0.202866984055819E+000
     -5.88365867  0.318596627027499E+000
     -5.82925929  0.438396355118844E+000
     -5.77485992  0.548132254310244E+000
     -5.72046054  0.643215849921550E+000
     -5.66606117  0.725899236758985E+000
     -5.61166179  0.799629881166499E+000
     -5.55726242  0.866523334966178E+000
     -5.50286304  0.929238181719986E+000
     -5.44846367  0.990084821052357E+000
     -5.39406429  0.104721096934348E+001
     -5.33966492  0.109933434663971E+001
     -5.28526554  0.115177617197589E+001
     -5.23086617  0.120747863546200E+001
     -5.17646679  0.125948678681114E+001
     -5.12206742  0.130303969755302E+001
     -5.06766804  0.134628928540985E+001
     -5.01326867  0.139950034038640E+001
     -4.95886929  0.145735773574975E+001
     -4.90446992  0.150277306145993E+001
     -4.85007054  0.153413025132310E+001
     -4.79567117  0.157358750751224E+001
     -4.74127179  0.163435121408127E+001
     -4.68687242  0.169839033908730E+001
     -4.63247304  0.174294597263421E+001
     -4.57807367  0.177124773033359E+001
     -4.52367429  0.180433598706466E+001
     -4.46927492  0.185760997548777E+001
     -4.41487554  0.193028359830041E+001
     -4.36047617  0.200330649658326E+001
     -4.30607679  0.205049300363336E+001
     -4.25167741  0.206975008507689E+001
     -4.19727804  0.209795371221091E+001
     -4.14287866  0.217146118363506E+001
     -4.08847929  0.227712303860099E+001
     -4.03407991  0.236957654914479E+001
     -3.97968054  0.242938667366747E+001
     -3.92528116  0.247738401776943E+001
     -3.87088179  0.254219540008922E+001
     -3.81648241  0.264263809442469E+001
     -3.76208304  0.279542816739885E+001
     -3.70768366  0.299994016260071E+001
     -3.65328429  0.320502310449004E+001
     -3.59888491  0.333316207762540E+001
     -3.54448554  0.335857568831949E+001
     -3.49008616  0.332935424675264E+001
     -3.43568679  0.330162330458592E+001
     -3.38128741  0.328672674096648E+001
     -3.32688804  0.326831400945864E+001
     -3.27248866  0.322829077797838E+001
     -3.21808929  0.314782912728597E+001
     -3.16368991  0.302591879175797E+001
     -3.10929054  0.289854023584877E+001
     -3.05489116  0.280241140580855E+001
     -3.00049179  0.273667888949653E+001
     -2.94609241  0.268828695347007E+001
     -2.89169304  0.266267873170287E+001
     -2.83729366  0.265747356373704E+001
     -2.78289428  0.262313702438010E+001
     -2.72849491  0.249324316808055E+001
     -2.67409553  0.227290291109762E+001
     -2.61969616  0.206595590677828E+001
     -2.56529678  0.198963470458794E+001
     -2.51089741  0.206475738364631E+001
     -2.45649803  0.218299018519212E+001
     -2.40209866  0.218811952132337E+001
     -2.34769928  0.201050351438496E+001
     -2.29329991  0.171847886481830E+001
     -2.23890053  0.144459101538019E+001
     -2.18450116  0.129309035121845E+001
     -2.13010178  0.129535320353529E+001
     -2.07570241  0.138552280117679E+001
     -2.02130303  0.142220296075079E+001
     -1.96690366  0.129635638598275E+001
     -1.91250428  0.102335666190102E+001
     -1.85810491  0.704384918669059E+000
     -1.80370553  0.432147176912003E+000
     -1.74930616  0.263336788399746E+000
     -1.69490678  0.239287152774983E+000
     -1.64050741  0.383561831307788E+000
     -1.58610803  0.664848593620455E+000
     -1.53170866  0.971647591295100E+000
     -1.47730928  0.116135063731772E+001
     -1.42290991  0.116808926435686E+001
     -1.36851053  0.105604075670131E+001
     -1.31411115  0.962851888742333E+000
     -1.25971178  0.101724846549016E+001
     -1.20531240  0.129959033570357E+001
     -1.15091303  0.179687802481902E+001
     -1.09651365  0.235520386578554E+001
     -1.04211428  0.277810463998679E+001
     -0.98771490  0.305782938191049E+001
     -0.93331553  0.341487429052257E+001
     -0.87891615  0.401561507119686E+001
     -0.82451678  0.472484332550816E+001
     -0.77011740  0.521506963590981E+001
     -0.71571803  0.528175477026608E+001
     -0.66131865  0.498596726846901E+001
     -0.60691928  0.451160257438199E+001
     -0.55251990  0.399192708567243E+001
     -0.49812053  0.349886675334573E+001
     -0.44372115  0.309053018952962E+001
     -0.38932178  0.281189932753169E+001
     -0.33492240  0.267553425300907E+001
     -0.28052303  0.263548787088118E+001
     -0.22612365  0.259934673517734E+001
     -0.17172428  0.252270427439409E+001
     -0.11732490  0.245109489161922E+001
     -0.06292553  0.240637192397163E+001
     -0.00852615  0.230767297770252E+001
      0.04587322  0.209333488778727E+001
      0.10027260  0.185847065811936E+001
      0.15467197  0.176640174772971E+001
      0.20907135  0.183501857813126E+001
      0.26347073  0.190245639838017E+001
      0.31787010  0.183417502183132E+001
      0.37226948  0.169031168079463E+001
      0.42666885  0.162687264373668E+001
      0.48106823  0.167706576313546E+001
      0.53546760  0.170598904074858E+001
      0.58986698  0.158490931084397E+001
      0.64426635  0.135939120644087E+001
      0.69866573  0.120701672925152E+001
      0.75306510  0.124053667563437E+001
      0.80746448  0.138610911928252E+001
      0.86186385  0.146410545117865E+001
      0.91626323  0.137829414154350E+001
      0.97066260  0.120554565337320E+001
      1.02506198  0.109475698673671E+001
      1.07946135  0.111027879783061E+001
      1.13386073  0.118391088505974E+001
      1.18826010  0.119100104128568E+001
      1.24265948  0.107771121762320E+001
      1.29705885  0.924219596595406E+000
      1.35145823  0.864965869616239E+000
      1.40585760  0.962033789280040E+000
      1.46025698  0.117652285284357E+001
      1.51465635  0.143305148689208E+001
      1.56905573  0.169752461402572E+001
      1.62345510  0.201219725894537E+001
      1.67785448  0.245049064756724E+001
      1.73225386  0.302491348972712E+001
      1.78665323  0.364504040822841E+001
      1.84105261  0.416576237589913E+001
      1.89545198  0.448076644735750E+001
      1.94985136  0.458063927997067E+001
      2.00425073  0.452515161019861E+001
      2.05865011  0.438888341428998E+001
      2.11304948  0.425298812458830E+001
      2.16744886  0.419161649130456E+001
      2.22184823  0.420640829929724E+001
      2.27624761  0.420354376859863E+001
      2.33064698  0.410119558165414E+001
      2.38504636  0.395792578221194E+001
      2.43944573  0.392756647464524E+001
      2.49384511  0.406640198221364E+001
      2.54824448  0.425149300955399E+001
      2.60264386  0.433577944112843E+001
      2.65704323  0.432296076475368E+001
      2.71144261  0.431746301327686E+001
      2.76584198  0.436378298090645E+001
      2.82024136  0.443937151535473E+001
      2.87464073  0.455679736429941E+001
      2.92904011  0.474921614592227E+001
      2.98343948  0.497892629930570E+001
      3.03783886  0.517915259788926E+001
      3.09223823  0.536447005074794E+001
      3.14663761  0.558395499755646E+001
      3.20103698  0.579650626264988E+001
      3.25543636  0.590716010377730E+001
      3.30983574  0.590523999794343E+001
      3.36423511  0.587308814428810E+001
      3.41863449  0.586548032731331E+001
      3.47303386  0.584795868885741E+001
      3.52743324  0.576389431071145E+001
      3.58183261  0.562534761012483E+001
      3.63623199  0.551345503510057E+001
      3.69063136  0.549499893843440E+001
      3.74503074  0.554650010143319E+001
      3.79943011  0.555572085360332E+001
      3.85382949  0.543124768753808E+001
      3.90822886  0.523518757626909E+001
      3.96262824  0.513228251179876E+001
      4.01702761  0.517074367313148E+001
      4.07142699  0.521812195582903E+001
      4.12582636  0.515340248614443E+001
      4.18022574  0.501472177597237E+001
      4.23462511  0.491801295242104E+001
      4.28902449  0.490516804372038E+001
      4.34342386  0.490898214088657E+001
      4.39782324  0.484693262028621E+001
      4.45222261  0.472749160665556E+001
      4.50662199  0.464158196322453E+001
      4.56102136  0.464229492444277E+001
      4.61542074  0.465868802555694E+001
      4.66982011  0.456364031250667E+001
      4.72421949  0.433054336222655E+001
      4.77861887  0.406582443430417E+001
      4.83301824  0.385268062686216E+001
      4.88741762  0.363563307161914E+001
      4.94181699  0.332036392866305E+001
      4.99621637  0.293148200781297E+001
      5.05061574  0.259713736892751E+001
      5.10501512  0.239387418065851E+001
      5.15941449  0.227177955705112E+001
      5.21381387  0.214036091826664E+001
      5.26821324  0.197235336285191E+001
      5.32261262  0.179696250542405E+001
      5.37701199  0.163663753977892E+001
      5.43141137  0.149403892065006E+001
      5.48581074  0.137430449416643E+001
      5.54021012  0.127658630651457E+001
      5.59460949  0.117710400510556E+001
      5.64900887  0.105430048445145E+001
      5.70340824  0.918959946032245E+000
      5.75780762  0.793425819635538E+000
      5.81220699  0.675994153993027E+000
      5.86660637  0.548046109820646E+000
      5.92100574  0.404667590300779E+000
      5.97540512  0.262953993049998E+000
      6.02980449  0.146300363399290E+000
      6.08420387  0.678883947979479E-001
      6.13860324  0.256339642033761E-001
      6.19300262  0.792416440510220E-002
      6.24740200  0.333895936688840E-002
      6.30180137  0.744604887716163E-002
      6.35620075  0.250510434371989E-001
      6.41060012  0.679772794540189E-001
      6.46499950  0.147297898072012E+000
      6.51939887  0.266663534484628E+000
      6.57379825  0.426466524671548E+000
      6.62819762  0.624864460506359E+000
      6.68259700  0.838903215076558E+000
      6.73699637  0.102167678797761E+001
      6.79139575  0.114719592651005E+001
      6.84579512  0.124659809506360E+001
      6.90019450  0.137845438264245E+001
      6.95459387  0.156342469068574E+001
      7.00899325  0.175292829361335E+001
      7.06339262  0.187878004635815E+001
      7.11779200  0.193529801579670E+001
      7.17219137  0.197978517449723E+001
      7.22659075  0.206078102951897E+001
      7.28099012  0.219013146651253E+001
      7.33538950  0.236682925696213E+001
      7.38978887  0.258140391802365E+001
      7.44418825  0.280806579558871E+001
      7.49858762  0.301404352646873E+001
      7.55298700  0.316835350102069E+001
      7.60738637  0.326476390893248E+001
      7.66178575  0.336527039594115E+001
      7.71618512  0.356714926657733E+001
      7.77058450  0.388296188782513E+001
      7.82498388  0.422024862263743E+001
      7.87938325  0.451123424122846E+001
      7.93378263  0.478209079471597E+001
      7.98818200  0.508122135584668E+001
      8.04258138  0.541799789128067E+001
      8.09698075  0.575986744305541E+001
      8.15138013  0.602687987896294E+001
      8.20577950  0.613585346281719E+001
      8.26017888  0.610363496679457E+001
      8.31457825  0.604001107887135E+001
      8.36897763  0.599911911864586E+001
      8.42337700  0.591803948705852E+001
      8.47777638  0.572532726563774E+001
      8.53217575  0.542792194933649E+001
      8.58657513  0.508902373219391E+001
      8.64097450  0.478844198070070E+001
      8.69537388  0.458296838981646E+001
      8.74977325  0.445916172443711E+001
      8.80417263  0.436255945082152E+001
      8.85857200  0.429124514111169E+001
      8.91297138  0.430311142168037E+001
      8.96737075  0.443296047195026E+001
      9.02177013  0.468305060173186E+001
      9.07616950  0.510030780497647E+001
      9.13056888  0.576775172346329E+001
      9.18496825  0.666073562277780E+001
      9.23936763  0.755391994881691E+001
      9.29376701  0.813837318366764E+001
      9.34816638  0.824846846711938E+001
      9.40256576  0.796450969919669E+001
      9.45696513  0.751323788068188E+001
      9.51136451  0.709736877814608E+001
      9.56576388  0.679993329659995E+001
      9.62016326  0.661332427827229E+001
      9.67456263  0.652727310210854E+001
      9.72896201  0.652192767321996E+001
      9.78336138  0.647882740871617E+001
      9.83776076  0.623507646779832E+001
      9.89216013  0.577272467963316E+001
      9.94655951  0.525918150967581E+001
     10.00095888  0.489449320049005E+001
     10.05535826  0.477946416075086E+001
     10.10975763  0.488747242114045E+001
     10.16415701  0.509641902477096E+001
     10.21855638  0.526003410858186E+001
     10.27295576  0.528203667470457E+001
     10.32735513  0.515474786066444E+001
     10.38175451  0.495665565986552E+001
     10.43615388  0.479887276804211E+001
     10.49055326  0.476333324212173E+001
     10.54495263  0.489942100921963E+001
     10.59935201  0.520704448902497E+001
     10.65375138  0.556245124541196E+001
     10.70815076  0.575064850537996E+001
     10.76255014  0.564188089758207E+001
     10.81694951  0.528890839770428E+001
     10.87134889  0.485942058512028E+001
     10.92574826  0.453846118187808E+001
     10.98014764  0.444939651208990E+001
     11.03454701  0.457051394294732E+001
     11.08894639  0.475005857841715E+001
     11.14334576  0.486481400959378E+001
     11.19774514  0.491632357559148E+001
     11.25214451  0.493343005905237E+001
     11.30654389  0.488405213568955E+001
     11.36094326  0.475670092527129E+001
     11.41534264  0.462860039069863E+001
     11.46974201  0.456394155422674E+001
     11.52414139  0.450810249278798E+001
     11.57854076  0.436710729942063E+001
     11.63294014  0.417789205450069E+001
     11.68733951  0.410961846243475E+001
     11.74173889  0.424943108531799E+001
     11.79613826  0.446599798479599E+001
     11.85053764  0.455213817276454E+001
     11.90493701  0.443514873464076E+001
     11.95933639  0.419250890557272E+001
     12.01373576  0.393067587249127E+001
     12.06813514  0.371442150689544E+001
     12.12253451  0.358702051958842E+001
     12.17693389  0.360470095812939E+001
     12.23133326  0.381476743985012E+001
     12.28573264  0.418359576216516E+001
     12.34013202  0.457432712854596E+001
     12.39453139  0.483588566479807E+001
     12.44893077  0.490975292003745E+001
     12.50333014  0.483144771391974E+001
     12.55772952  0.465036990345324E+001
     12.61212889  0.439046514609052E+001
     12.66652827  0.408437539355390E+001
     12.72092764  0.379650046923642E+001
     12.77532702  0.358811167384238E+001
     12.82972639  0.348751352842338E+001
     12.88412577  0.351073059074353E+001
     12.93852514  0.365289597807251E+001
     12.99292452  0.381168411007588E+001
     13.04732389  0.379273000645727E+001
     13.10172327  0.348056624643029E+001
     13.15612264  0.297520384884804E+001
     13.21052202  0.250176413846424E+001
     13.26492139  0.220736895616510E+001
     13.31932077  0.208074620505751E+001
     13.37372014  0.204605077144720E+001
     13.42811952  0.208257127438526E+001
     13.48251889  0.222538723158108E+001
     13.53691827  0.247168239917196E+001
     13.59131764  0.272696422216630E+001
     13.64571702  0.285883614587726E+001
     13.70011639  0.279344504596108E+001
     13.75451577  0.254556322871030E+001
     13.80891515  0.217308394288434E+001
     13.86331452  0.174264775624974E+001
     13.91771390  0.133585693378202E+001
     13.97211327  0.104015042889614E+001
     14.02651265  0.901938131874836E+000
     14.08091202  0.891338436675676E+000
     14.13531140  0.922222759133308E+000
     14.18971077  0.908397019829250E+000
     14.24411015  0.807455021423665E+000
     14.29850952  0.633184043615945E+000
     14.35290890  0.440384127036529E+000
     14.40730827  0.287450679838851E+000
     14.46170765  0.201925756172576E+000
     14.51610702  0.178827999462272E+000
     14.57050640  0.200957252932509E+000
     14.62490577  0.248685616078194E+000
     14.67930515  0.297378844226643E+000
     14.73370452  0.321591992330537E+000
     14.78810390  0.305766986517959E+000
     14.84250327  0.250564141662205E+000
     14.89690265  0.173351488475688E+000
     14.95130202  0.100012243088903E+000
     15.00570140  0.492802936184787E-001
     15.06010077  0.251688823888255E-001
     15.11450015  0.245597027167749E-001
     15.16889952  0.462608552400519E-001
     15.22329890  0.878558803227076E-001
     15.27769827  0.135076023090520E+000
     15.33209765  0.162596615940972E+000
     15.38649703  0.153398022063804E+000
     15.44089640  0.114947608299724E+000
     15.49529578  0.706431061082431E-001
     15.54969515  0.389044770019332E-001
     15.60409453  0.247100007199452E-001
     15.65849390  0.252138709786259E-001
     15.71289328  0.349051116277344E-001
     15.76729265  0.452331806753492E-001
     15.82169203  0.468148369665953E-001
     15.87609140  0.369302019109679E-001
     15.93049078  0.218923597500922E-001
     15.98489015  0.970681505488595E-002
     16.03928953  0.321374833915657E-002
     16.09368890  0.794003357906378E-003
     16.14808828  0.146348258245111E-003
     16.20248765  0.201205578768373E-004
     16.25688703  0.206314279894377E-005
     16.31128640  0.157764536626705E-006
     16.36568578  0.899569248099524E-008
     16.42008515  0.382435655706278E-009
     16.47448453  0.121208560186586E-010
     16.52888390  0.286359380209782E-012
     16.58328328  0.504248645668183E-014
     16.63768265  0.661737361402843E-016
     16.69208203  0.647123736515812E-018
     16.74648140  0.471524293251535E-020
     16.80088078  0.255971502454629E-022
     16.85528016  0.103515969265090E-024
     16.90967953  0.311824687275561E-027
     16.96407891  0.699619993974773E-030
     17.01847828  0.116903011635335E-032
     17.07287766  0.145467581926093E-035
     17.12727703  0.134787962490285E-038
     17.18167641  0.929928914283051E-042
     17.23607578  0.477676131409154E-045
     17.29047516  0.182673610790657E-048
     17.34487453  0.520057991210214E-052
     17.39927391  0.110214418539963E-055
     17.45367328  0.173865901219276E-059
     17.50807266  0.204155019999263E-063
     17.56247203  0.178425589522051E-067
     17.61687141  0.116061675968245E-071
     17.67127078  0.561874932337448E-076
     17.72567016  0.202439529070240E-080
     17.78006953  0.542803542146159E-085
     17.83446891  0.108310264639411E-089
     17.88886828  0.160829240534705E-094
     17.94326766  0.177712757485240E-099
     17.99766703  0.146123803688882E-104
     18.05206641  0.894053318429433E-110
     18.10646578  0.407040822514311E-115
     18.16086516  0.137891422862795E-120
     18.21526453  0.347579774330714E-126
     18.26966391  0.651903704798577E-132
     18.32406329  0.909742208552519E-138
     18.37846266  0.944612878376436E-144
     18.43286204  0.729768452955845E-150
     18.48726141  0.419476338621099E-156
     18.54166079  0.179397672817973E-162
     18.59606016  0.570833164482736E-169
     18.65045954  0.135139102394401E-175
     18.70485891  0.238028493487248E-182
     18.75925829  0.311924746727922E-189
     18.81365766  0.304117054950179E-196
     18.86805704  0.220596733515905E-203
     18.92245641  0.119048029156724E-210
     18.97685579  0.477977898400980E-218
     19.03125516  0.142775498887197E-225
     19.08565454  0.317291001205861E-233
     19.14005391  0.524587673425194E-241
     19.19445329  0.645257175049211E-249
     19.24885266  0.590473379063156E-257
     19.30325204  0.401993383953451E-265
     19.35765141  0.203604356081813E-273
     19.41205079  0.767190754712478E-282
     19.46645016  0.215063359784493E-290
     19.52084954  0.448512930960528E-299
     19.57524891  0.000000000000000E+000
     19.62964829  0.000000000000000E+000
     19.68404766  0.000000000000000E+000
     19.73844704  0.000000000000000E+000
     19.79284641  0.000000000000000E+000
     19.84724579  0.000000000000000E+000
     19.90164517  0.000000000000000E+000
     19.95604454  0.000000000000000E+000
     20.01044392  0.000000000000000E+000
     20.06484329  0.000000000000000E+000
     20.11924267  0.000000000000000E+000
     20.17364204  0.000000000000000E+000
     20.22804142  0.000000000000000E+000
     20.28244079  0.000000000000000E+000
     20.33684017  0.000000000000000E+000
     20.39123954  0.000000000000000E+000
     20.44563892  0.000000000000000E+000
     20.50003829  0.000000000000000E+000
     20.55443767  0.000000000000000E+000
     20.60883704  0.000000000000000E+000
     20.66323642  0.000000000000000E+000
     20.71763579  0.000000000000000E+000
     20.77203517  0.000000000000000E+000
     20.82643454  0.000000000000000E+000
     20.88083392  0.000000000000000E+000
     20.93523329  0.000000000000000E+000
     20.98963267  0.000000000000000E+000
     21.04403204  0.000000000000000E+000
     21.09843142  0.000000000000000E+000
     21.15283079  0.000000000000000E+000
     21.20723017  0.000000000000000E+000
     21.26162954  0.000000000000000E+000
